0
4
7
7
18
12
43
20
87
81
103
190
720
261
358
1136
624
2416
1732
5086
2359
5576
14224
5300
10384
35051
6297
21540
7795
16408
4184
68240
1318
92601
276
39871
56321
14035
28252
9042
27694
74
7903
14680
1314
12780
90
1404
144
3807
97
3096
10
397
75
642
1029
414
6
274
22
119
4
190
6
1
124
0
1
16
51
0
3
19
0
14
6
35
0
10
11
6
2
0
3
0
1
0
2
0
0
0
0
2
0
1
0
0
1
0
0
0
0
0
0
0
0
0
0
0
0
0
0
0
0
0
0
0
0
0
0
0
0
0
0
0
0
0
0
0
0
0
0
0
0
0
0
0
0
0
0
0
0
0
0
0
0
0
0
0
