0
19
7
26
15
19
30
81
109
134
139
341
316
978
559
651
529
831
2269
5351
3017
12596
11190
21253
22224
11339
12843
11126
6798
10508
2775
5007
8601
715
2487
3411
15262
1725
8919
6991
388
51
415
1096
53
1401
277
1061
0
394
625
313
10
386
487
16
0
2
63
7
63
41
43
0
0
74
0
0
2
38
0
4
0
15
8
3
0
0
5
0
2
8
0
10
0
7
2
0
1
0
0
0
0
1
0
0
1
0
0
0
0
0
0
0
0
0
0
0
0
0
0
0
0
0
0
0
0
0
0
0
0
0
0
0
0
0
0
0
0
0
0
0
0
0
0
0
0
0
0
0
0
0
0
0
0
0
0
0
0
0
