0
4
9
0
0
20
0
25
11
17
3
6
29
19
57
51
72
223
138
485
332
1458
1068
784
1476
1907
2962
2950
7092
5210
16584
21615
25978
30764
32810
6883
81641
1828
4263
40667
1101
41446
0
88257
41
32319
21241
13826
1276
3288
999
2383
10776
754
1
475
121
10
168
83
127
285
16
174
6
129
7
98
1
63
4
11
2
16
1
3
2
1
0
1
0
1
0
2
0
0
0
0
0
0
0
0
0
0
0
0
0
0
0
0
0
0
0
0
0
0
0
0
0
0
0
0
0
0
0
0
0
0
0
0
0
0
0
0
0
0
0
0
0
0
0
0
0
0
0
0
0
0
0
0
0
0
0
0
0
0
0
0
0
0
