0
22
19
55
18
17
77
64
58
96
136
238
435
795
893
716
911
765
3738
2484
5659
5145
12088
13241
8486
18840
11303
8539
7494
46651
15537
2529
1071
15552
5662
19069
18334
11844
3673
166
8182
11556
1768
3066
1465
19
1681
4524
580
12
3342
1
693
11
241
172
159
0
53
104
0
0
20
12
178
0
9
14
2
18
1
0
0
0
0
0
0
0
0
0
0
0
0
0
0
0
0
0
0
0
0
0
0
0
0
0
0
0
0
0
0
0
0
0
0
0
0
0
0
0
0
0
0
0
0
0
0
0
0
0
0
0
0
0
0
0
0
0
0
0
0
0
0
0
0
0
0
0
0
0
0
0
0
0
0
0
0
0
0
0
