0
0
4
0
16
0
13
1
13
28
23
19
35
38
76
149
163
389
588
669
250
1243
886
1151
1760
2323
2658
9720
8388
6363
46650
6068
38138
7961
86580
4350
49574
3749
44187
22382
146
14849
11415
7980
556
4911
4057
4496
0
1693
3921
312
6382
79
8
69
957
216
29
422
13
53
224
91
451
21
279
9
61
112
210
43
44
172
68
25
15
29
13
48
0
37
0
0
1
0
0
0
4
0
0
0
0
0
0
0
0
0
0
0
0
0
0
0
0
0
0
0
0
0
0
0
0
0
0
0
0
0
0
0
0
0
0
0
0
0
0
0
0
0
0
0
0
0
0
0
0
0
0
0
0
0
0
0
0
0
0
0
0
0
