0
0
2
2
19
1
23
13
46
27
141
43
205
259
444
306
609
291
1005
831
1252
4466
2258
10916
11987
16927
10069
10787
8131
77075
8904
22764
14839
57141
9636
211
29261
14504
4614
47268
5978
52724
215
21598
24804
1758
24492
561
12123
545
4673
50
17326
131
2004
2018
81
613
2397
444
679
1688
142
484
100
0
114
371
20
115
0
140
7
5
5
0
13
6
15
5
0
9
0
0
0
0
0
0
0
0
0
0
0
0
0
0
0
0
0
0
0
0
0
0
0
0
0
0
0
0
0
0
0
0
0
0
0
0
0
0
0
0
0
0
0
0
0
0
0
0
0
0
0
0
0
0
0
0
0
0
0
0
0
0
0
0
0
0
0
0
