0
10
12
11
7
24
4
47
2
30
41
80
47
84
367
160
364
554
1188
586
1262
1925
2351
5765
2881
13253
4935
19212
7777
41536
9234
8330
12093
27849
15067
38620
55
65928
4742
15626
327
14923
9868
790
10556
15447
274
43
3179
553
1774
107
1224
2163
4225
2092
1447
124
237
253
281
349
74
546
29
56
1
52
40
20
30
13
0
4
13
2
0
0
1
0
1
0
2
0
0
0
0
0
0
0
0
0
0
0
0
0
0
0
0
0
0
0
0
0
0
0
0
0
0
0
0
0
0
0
0
0
0
0
0
0
0
0
0
0
0
0
0
0
0
0
0
0
0
0
0
0
0
0
0
0
0
0
0
0
0
0
0
0
0
0
