0
13
11
4
1
18
6
16
42
69
50
107
232
151
323
629
791
1387
1202
1637
2900
2084
5705
12913
5498
11031
6969
11118
17842
46302
22830
7824
16504
71401
11542
2491
36066
1128
1914
4805
10498
15774
2817
19705
12373
10006
15487
6707
922
8528
2201
1721
0
1023
1683
239
77
238
66
45
3
268
188
45
12
149
7
16
37
64
0
16
17
3
2
10
0
2
0
0
0
0
0
0
0
0
0
0
0
0
0
0
0
0
0
0
0
0
0
0
0
0
0
0
0
0
0
0
0
0
0
0
0
0
0
0
0
0
0
0
0
0
0
0
0
0
0
0
0
0
0
0
0
0
0
0
0
0
0
0
0
0
0
0
0
0
0
0
0
0
