0
2
9
5
19
14
31
71
48
94
372
201
355
723
626
704
1828
984
1714
3846
3812
10436
13888
6030
14641
22235
10789
29630
6836
56757
22481
18274
44640
1430
42014
21065
898
22567
34807
8997
1270
20995
9
1737
19728
61
347
662
653
2334
814
3900
3
967
1078
198
16
852
154
19
210
21
3
133
45
22
73
0
5
22
31
54
0
47
0
1
0
0
0
0
0
0
0
0
0
0
0
0
0
0
0
0
0
0
0
0
0
0
0
0
0
0
0
0
0
0
0
0
0
0
0
0
0
0
0
0
0
0
0
0
0
0
0
0
0
0
0
0
0
0
0
0
0
0
0
0
0
0
0
0
0
0
0
0
0
0
0
0
0
0
