0
27
7
41
2
43
29
111
79
88
189
193
679
340
567
1496
1005
1861
3881
2167
3526
3244
4908
28967
10280
21989
9789
27221
37200
77923
13310
73377
12795
202
43294
22651
12841
19721
7515
25683
343
26553
916
12771
1540
5324
13
68
3674
0
4607
382
497
136
139
160
1701
221
0
20
348
6
4
138
1
41
0
84
121
42
4
15
0
53
0
2
3
21
34
1
0
5
0
0
0
1
0
4
0
0
0
0
4
0
0
0
3
0
0
1
0
0
0
0
0
0
0
0
0
0
0
0
0
0
0
0
0
0
0
0
0
0
0
0
0
0
0
0
0
0
0
0
0
0
0
0
0
0
0
0
0
0
0
0
0
0
0
0
0
0
