0
0
7
0
9
0
12
1
12
7
13
6
19
17
31
10
2
96
8
155
55
195
149
321
464
172
460
721
359
472
2096
1198
449
3068
292
175
456
377
1573
688
7
1549
1
357
328
2
0
49
347
0
7
144
8
0
4
0
0
0
3
0
3
2
0
0
0
0
0
0
0
0
0
0
0
0
0
0
0
0
0
0
0
0
0
0
0
0
0
0
0
0
0
0
0
0
0
0
0
0
0
0
0
0
0
0
0
0
0
0
0
0
0
0
0
0
0
0
0
0
0
0
0
0
0
0
0
0
0
0
0
0
0
0
0
0
0
0
0
0
0
0
0
0
0
0
0
0
0
0
0
0
