0
2
15
9
4
10
7
15
35
14
76
22
123
70
53
377
113
280
234
389
301
260
499
341
1432
187
2203
864
298
654
181
697
396
302
997
48
248
551
111
511
42
243
97
122
10
493
3
39
8
23
19
163
0
0
108
8
12
4
0
1
0
0
0
0
0
0
0
0
0
0
0
0
0
0
0
0
0
0
0
0
0
0
0
0
0
0
0
0
0
0
0
0
0
0
0
0
0
0
0
0
0
0
0
0
0
0
0
0
0
0
0
0
0
0
0
0
0
0
0
0
0
0
0
0
0
0
0
0
0
0
0
0
0
0
0
0
0
0
0
0
0
0
0
0
0
0
0
0
0
0
