0
16
6
8
18
12
41
29
20
87
49
160
88
237
281
131
136
289
245
314
263
239
300
2221
436
2445
553
445
1864
410
1348
1888
152
1697
0
112
0
27
75
0
64
62
1
0
20
14
0
2
0
1
0
3
1
0
0
0
0
0
0
0
0
0
0
0
0
0
0
0
0
0
0
0
0
0
0
0
0
0
0
0
0
0
0
0
0
0
0
0
0
0
0
0
0
0
0
0
0
0
0
0
0
0
0
0
0
0
0
0
0
0
0
0
0
0
0
0
0
0
0
0
0
0
0
0
0
0
0
0
0
0
0
0
0
0
0
0
0
0
0
0
0
0
0
0
0
0
0
0
0
0
