0
5
3
24
15
18
34
21
40
116
15
262
63
421
332
486
482
479
421
447
372
817
171
140
187
1411
342
1345
447
791
55
73
515
70
102
487
52
158
17
141
36
3
167
150
31
184
16
0
3
8
1
0
0
0
0
0
0
0
0
0
0
0
0
0
0
0
0
0
0
0
0
0
0
0
0
0
0
0
0
0
0
0
0
0
0
0
0
0
0
0
0
0
0
0
0
0
0
0
0
0
0
0
0
0
0
0
0
0
0
0
0
0
0
0
0
0
0
0
0
0
0
0
0
0
0
0
0
0
0
0
0
0
0
0
0
0
0
0
0
0
0
0
0
0
0
0
0
0
0
0
