0
2
3
3
3
8
13
16
12
51
39
22
22
21
46
118
88
132
120
85
140
236
149
124
329
170
918
435
886
563
273
1220
985
227
225
890
291
634
75
168
751
157
181
293
73
157
359
107
377
13
89
810
17
164
32
40
31
278
0
146
0
40
8
0
38
2
3
0
0
0
2
0
0
0
0
0
0
0
0
0
0
0
0
0
0
0
0
0
0
0
0
0
0
0
0
0
0
0
0
0
0
0
0
0
0
0
0
0
0
0
0
0
0
0
0
0
0
0
0
0
0
0
0
0
0
0
0
0
0
0
0
0
0
0
0
0
0
0
0
0
0
0
0
0
0
0
0
0
0
0
