0
11
14
19
47
46
96
39
151
68
84
87
134
169
633
422
329
244
1282
458
613
2268
1228
2668
321
156
452
85
195
1745
184
81
352
0
119
5
72
34
70
4
8
0
12
23
1
0
1
0
0
0
0
0
0
0
0
0
0
0
0
0
0
0
0
0
0
0
0
0
0
0
0
0
0
0
0
0
0
0
0
0
0
0
0
0
0
0
0
0
0
0
0
0
0
0
0
0
0
0
0
0
0
0
0
0
0
0
0
0
0
0
0
0
0
0
0
0
0
0
0
0
0
0
0
0
0
0
0
0
0
0
0
0
0
0
0
0
0
0
0
0
0
0
0
0
0
0
0
0
0
0
