0
11
4
6
3
32
8
24
60
40
74
15
195
41
89
85
303
186
209
529
302
340
251
296
364
958
170
250
1290
150
199
471
250
731
61
507
19
198
8
6
70
25
119
62
36
1
30
0
0
4
0
12
0
0
10
0
2
0
1
0
0
0
0
0
0
0
0
0
0
0
0
0
0
0
0
0
0
0
0
0
0
0
0
0
0
0
0
0
0
0
0
0
0
0
0
0
0
0
0
0
0
0
0
0
0
0
0
0
0
0
0
0
0
0
0
0
0
0
0
0
0
0
0
0
0
0
0
0
0
0
0
0
0
0
0
0
0
0
0
0
0
0
0
0
0
0
0
0
0
0
