0
3
3
10
2
23
11
13
19
60
40
33
116
98
240
197
199
210
939
190
424
1783
628
2449
407
1090
408
215
2166
1712
133
578
939
638
165
11
7
41
4
12
1
0
54
0
16
1
0
3
13
0
0
0
0
0
0
0
0
0
0
0
0
0
0
0
0
0
0
0
0
0
0
0
0
0
0
0
0
0
0
0
0
0
0
0
0
0
0
0
0
0
0
0
0
0
0
0
0
0
0
0
0
0
0
0
0
0
0
0
0
0
0
0
0
0
0
0
0
0
0
0
0
0
0
0
0
0
0
0
0
0
0
0
0
0
0
0
0
0
0
0
0
0
0
0
0
0
0
0
0
0
