0
15
1
10
5
19
6
25
31
3
68
36
37
82
63
107
97
406
116
777
178
361
322
498
351
1197
1599
328
988
1371
240
368
61
83
106
55
52
24
22
63
71
5
5
2
0
7
10
11
0
9
0
0
0
0
0
0
0
0
0
0
0
0
0
0
0
0
0
0
0
0
0
0
0
0
0
0
0
0
0
0
0
0
0
0
0
0
0
0
0
0
0
0
0
0
0
0
0
0
0
0
0
0
0
0
0
0
0
0
0
0
0
0
0
0
0
0
0
0
0
0
0
0
0
0
0
0
0
0
0
0
0
0
0
0
0
0
0
0
0
0
0
0
0
0
0
0
0
0
0
0
