0
5
3
9
16
22
34
48
25
42
50
178
202
260
134
223
158
296
602
331
2149
220
422
1520
625
1008
1059
1341
187
130
730
120
248
914
250
30
30
63
10
9
83
7
1
51
2
18
0
2
53
1
0
0
1
0
0
2
0
0
2
0
0
0
0
0
0
0
0
0
0
0
0
0
0
0
0
0
0
0
0
0
0
0
0
0
0
0
0
0
0
0
0
0
0
0
0
0
0
0
0
0
0
0
0
0
0
0
0
0
0
0
0
0
0
0
0
0
0
0
0
0
0
0
0
0
0
0
0
0
0
0
0
0
0
0
0
0
0
0
0
0
0
0
0
0
0
0
0
0
0
0
